20221020182645
20221020183059
2022731180703
20221020182327
20221019180516
20221020111317
20221020112318
20221020185221
20221020125112
20221019180751
20221020115107
20221020095629
20221020125539
20221020181551
20221020190820
20221019175657
20221020183912
2022916091435
20221018172522
20221018162213
2022915102949
20221020073919
20221018143028
2022916084902
20221018171036
20221020190624
20221018095800
20221019182820
20221019184619
20221019175930
20221018171359
20221019183447
20221020083102
20221020095514
20221020113032
20221019221451
20221020083428
2022916084012
20221020181806
20221020115109
20221020183742
20221019180644
20221018105730
20221018162614
20221020114143
20221018142631
20221020190427
20221018155942
20221020183225
20221018160117
2022728143613
20221018161740
20221020190330
2022107200611
2022916085229
20221019212422
20221020113516
20221018155342
20221020113031
2022916084903
20221020083103
2022916091920
20221020185002
20221020095314
202287170958
20221020094325
20221020181805
2022916084011
2022915102950
20221020183744
20221019184711
20221020132330
20221018171255
20221020184844
2022916091921
20221019180954
20221020181908
20221020114142
20221019183446
20221020182543
2022916091549
20221020183224
20221019212532
20221020184843
20221020130350
20221019181606
20221020125652
20221020131959
20221018174053
20221019180105
20221018161919
202287181542
20221019182913
20221020113417
20221020131551
20221020094654
20221020184412
20221020182011
20221020182911
202287171413
20221020081938
20221019183757
20221018155115
20221018172523
20221020184740
20221020075025
20221020074138
20221018161920
20221019212530
20221020075336
20221020185319
20221019180956
20221020131550
20221020095214
20221020190030
2022916090207
2022728143147
2022107200310
20221020181712
20221018172203
20221018171840
20221018154344
20221018160651
20221020131206
20221020190916
20221019180515
20221020113618
20221020083305
20221018171150
20221019221450
20221020075026
20221020111202
20221020191012
20221020081343
2022916092251
20221020114021
20221018144926
20221020113244
20221020180753
20221019181253
20221020182910
20221020184411
20221020125832
20221018164813
20221020184648
20221020182544
20221020130349
2022915141420
20221020182123
2022916085228
2022731180247
20221020184540
20221020125834
20221020185930
20221020130929
20221020114307
20221020183913
20221020130102
20221020180754
20221020094438
20221020111116
20221019181251
20221020094824
20221018174054
20221020115304
20221018173216
20221018162615
20221020125833
20221020074932
20221020190722
20221018154709
20221019184710
20221020181550
20221020094222
20221020182542
20221020095215
20221018173814
20221020073754
20221020125111
20221018143547
20221019180514
20221020190331
20221020182326
20221019231150
20221020074933
20221020183911
2022915102948
20221020184539
2022107201246
2022916092139
20221020114022
20221020115007
20221020075429
20221018161739
20221020183743
20221020113416
20221020074034
20221020095315
20221020081939
20221019183355
20221019183356
2022915084304
20221020111318
20221019183953
20221019184420
2022915084303
20221019180855
20221018161531
20221020115008
2022916091710
20221020181435
20221020094823
20221020185808
20221018105005
20221020074931
20221019183756
20221020185809
20221019181359
20221020181436
20221020190915
20221020095515
20221019180955
20221020095627
2022916091433
20221020180752
20221020094928
20221020125359
2022916092034
20221020182125
2022915084302
20221020190531
20221019181513
20221020113143
2022728140325
2022916091711
20221020125541
20221018144515
20221020132001
202287171412
20221018174207
2022916092252
20221020081435
20221020190819
20221020115108
20221018171502
20221018171357
20221020115302
20221020182437
20221020114308
20221019183108
20221020095405
20221019181605
20221020185807
20221020190031
20221018171606
20221020131205
20221019183704
20221019183903
20221019183954
20221020181807
20221020125357
20221020115303
202287170950
20221020181906
20221019183109
20221020115009
20221020113418
20221019182914
20221020114023
20221019183758
20221020132000
20221020182234
20221020185708
2022916091548
20221020191011
20221018164812
20221020185709
2022916091434
2022731180246
20221020094220
20221020185000
20221018172927
20221020181552
20221020191010
20221019221449
20221019182818
20221020183559
20221020094547
20221020074137
20221020184649
20221020113517
20221020081342
20221020114306
20221020190230
20221020094652
20221020182124
20221015203052
20221019183354
20221019222127
20221020131549
20221020094927
2022916092416
20221020185119
20221020185928
20221018155940
20221020181907
2022108095556
2022916091550
20221020182803
20221020184742
20221020190533
20221018171149
20221020095628
20221020190625
20221020113246
20221020074136
20221020075024
20221019182516
20221019181514
2022916084904
20221020111114
20221018172204
20221020113617
20221019183538
20221020075428
20221019183303
20221020125358
20221020111201
20221019182517
20221019231149
20221019175656
20221020130930
20221020073920
20221020081344
20221020190532
20221019180103
20221018172053
20221020182438
20221020125540
2022916092033
20221015183019
20221020185120
20221019183706
2022916092250
20221020112317
20221018172052
20221018172704
20221020125110
20221020185929
20221018171605
20221018171842
2022731180513
20221020185223
20221020113030
2022916090206
20221018172337
20221020111115
20221019184620
20221018160118
2022915141419
20221019175547
20221020182233
20221018173217
20221020075337
20221020183601
20221020095404
20221019175548
20221019184712
20221019180750
20221020095035
20221020182325
20221020181330
20221018174205
20221020074036
20221018162616
20221019175208
20221020075430
